00000000000000000000000000000000000000000000000000000000000000000000000000000000
00000000000000000000000000000000000000000000000000000000000000000000000000000000
00000000000000000000000000000000000000000000000000000000000000000000000011000000
00000000000000000000000000000000000000000000000000000000000000000000000100100000
00000000000000000000000000000000000000000000000000000000000000000000000011000000
00000000000000000000000000000101000000000000000000000000000000000000000000000000
00000000000000000000000000011101110000000000000000000000000000000000000000000000
00000000001100000000000000100010001000000000000000000000000000000000000000000000
00000000000100000000000000101000101000000000000000000000000000000000000000000000
00000000001000000000000000011010110000000000000000000000000000000000000000000000
00000001010000000000000000000000000000000000000000000000000000000000000000000000
00000001100000000000000000011010110000000000000000000000000000001000000000000000
00000000000000000000000000101000101000000000000000000000000000010100000000000000
00000000000000000000000000100010001000000000000000000110000000101100000000001100
00000000000000000000000000011101110000000000000000001010000001101100000000001100
00000000000000000000000000000101000000000011000000010000001110101100000000000000
00000000000000000000000000000000000000000011000000010010010010010100000000000000
00000000000000000000000000000000000000000000000000010000001100001000000000000000
00000000000000000000000000000000000000000000000000001010000000000000000000000000
00000000000000000000000000000000000000000000000000000110000000000000000000000000
00000000000000000000000000000000000000000000000000000000000000000000000000000000
00000000000000000000000000000000000000000000000000000000000000000000000000000000
00000000000000000000000000000000000000000000000000000000000000000000000000000000
00000000000000000000000000000000000000000000000000000000000000000000000000000000
00000000000000000000000000000000000000000000000000000000000000000000000000000000
00000000000000000000000000000000000000000000000000000000000000000000000000000000
00000000000111110000000000000000000000000000000000000100000100000000000000000000
00000000000100001000000011000000000000000000000000000100000100000000000000000000
00000000000100000000000110111000000000000000000000000110001100000000000000000000
00000000000010000000001101111000000000000000000000000000000000000000000000000000
00000000000000110001101100110000000000000000000001110011011001110000000000000000
00000000000000001000010010000000000000000000000000010101011000000000000000000000
00000000000000000101010100000000000000000000000000000110010000000000000000000000
00000000000000000010000000000000000000000000000000000000010110000000000000000000
00000000000000000010000000000000000000000000000000000111100100000000000000000000
00000000000000000101010100000000000000000000000000010110000001100000000000000000
00000000000000001000010010000000000000000000000001110000110100110000000000000000
00000000000000101000101100110000000000000000000000000000100010100000000000000000
00000000000010000001001101111000000000000000000000000100001001000000000000000000
00000000000100000010000110111000000000000000000000000100001110000000000000000000
00000000000100000100000011000000000000000000000000000100000100000000000000000000
00000000000111111000000000000000000000000000000000000000000000000000000000000000
00000000000000000000000000000000000000000000000000000000000000000000000000000000
00000000000000000000000000000000000000000000000000000000000000000000000000000000
00000000000000000000000000000000000000000000000000000000000000000000000000000000
00000000000000000000000000000000000000000000000000000000000000000000000000000000
00000000000000000000000000000000000000000000000000000000000000000000000000000000
00000000000000000000000000000000000000000000000000000000000000000000000000000000
00000000000000000000000000000000000000000000000000000000000000000000000000000000
00000000000000000000000000000000000000000000000000000000000000000000000000000000
