00000000000000000000000000000000000000000000000000000000000000000000000000000000
00000000000000000000000000000000000000000000000000000000000000000000000000000000
00000000000000000000000000000000000000000000000000000000000000000000000000000000
00000000000000000000000000000000000000000000000000000000000000000000000000000000
00000001100000000000000000000000000000000000000000000000000000000000000000000000
00001100100000000000000000000000000000000000000000000000000000000000000000000000
00001100100000000000000000000000000000000000000000000000000000000000000000000000
00000000010000000000000000000000000000000000000000000000000000000000000000000000
00001011110000000000000000000000000000000000000000000000000000000000000000000000
00011010000000000000000000000000000000000000000000000000000000000000000000000000
00000001110000000000000000000000000000000000000000000000000000000000000000000000
00000000100000000000000000000000000000000000000000000000000000000000000000000000
00000000110000000000000000000000000000000000000000000000000000000000000000000000
00000000001000000000000000000000000000000000000000000000000000000000000000000000
00000000010000000000000000000000000000000000000000000000000000000000000000000000
00000000010000000000000000000000000000000000000000000000000000000000000000000000
00000111000000000000000000000000000000000000000000000000000000000000000000000000
00000000000000000000000000000000000000000000000000000000000000000000000000000000
00000111000000000000000000000000000000000000000000000000000000000000000000000000
00000000010000000000000000000000000000000000000000000000000000000000000000000000
00000000010000000000000000000000000000000000000000000000000000000000000000000000
00000000001000000000000000000000000000000000000000000000000000000000000000000000
00000000110000000000000000000000000000000000000000000000000000000000000000000000
00000000100000000000000000000000000000000000000000000000000000000000000000000000
00000001110000000000000000000000000000000000000000000000000000000000000000000000
00011010000000000000000000000000000000000000000000000000000000000000000000000000
00001011110000000000000000000000000000000000000000000000000000000000000000000000
00000000010000000000000000000000000000000000000000000000000000000000000000000000
00001100100000000000000000000000000000000000000000000000000000000000000000000000
00001100100000000000000000000000000000000000000000000000000000000000000000000000
00000001100000000000000000000000000000000000000000000000000000000000000000000000
00000000000000000000000000000000000000000000000000000000000000000000000000000000
00000000000000000000000000000000000000000000000000000000000000000000000000000000
00000000000000000000000000000000000000000000000000000000000000000000000000000000
00000000000000000000000000000000000000000000000000000000000000000000000000000000
00000000000000000000000000000000000000000000000000000000000000000000000000000000
00000000000000000000000000000000000000000000000000000000000000000000000000000000
00000000000000000000000000000000000000000000000000000000000000000000000000000000
00000000000000000000000000000000000000000000000000000000000000000000000000000000
00000000000000000000000000000000000000000000000000000000000000000000000000000000
00000000000000000000000000000000000000000000000000000000000000000000000000000000
00000000000000000000000000000000000000000000000000000000000000000000000000000000
00000000000000000000000000000000000000000000000000000000000000000000000000000000
00000000000000000000000000000000000000000000000000000000000000000000000000000000
00000000000000000000000000000000000000000000000000000000000000000000000000000000
00000000000000000000000000000000000000000000000000000000000000000000000000000000
00000000000000000000000000000000000000000000000000000000000000000000000000000000
00000000000000000000000000000000000000000000000000000000000000000000000000000000
00000000000000000000000000000000000000000000000000000000000000000000000000000000
00000000000000000000000000000000000000000000000000000000000000000000000000000000
